4
300 600
200 500
200 300
400 500
100
104 178 19
19 140 18
117 108 16
28 29 16
68 198 6
121 141 1
133 60 17
83 100 5
142 48 16
166 136 19
44 54 14
68 23 12
109 98 4
68 19 16
182 101 20
117 107 4
19 116 18
106 172 5
128 198 20
121 155 3
11 10 5
197 67 2
30 188 20
178 28 10
44 177 4
37 65 10
38 145 7
154 41 3
52 148 16
24 188 7
178 152 9
154 162 20
28 71 2
198 43 11
39 131 10
136 185 18
114 200 4
126 18 3
54 16 13
135 142 8
192 121 7
63 126 4
69 196 8
189 56 3
85 98 2
176 190 13
125 101 10
94 74 7
27 65 17
167 88 2
85 105 9
18 199 2
143 128 9
158 53 15
184 110 2
35 194 6
68 184 16
170 155 1
126 194 4
99 160 14
140 25 15
133 177 11
33 198 12
193 148 9
90 80 12
81 43 11
23 66 16
40 190 6
145 58 18
197 62 8
139 69 15
159 190 2
93 12 5
163 42 8
125 191 12
55 142 9
67 133 1
24 71 12
181 143 9
62 80 16
26 15 5
96 76 8
72 80 19
56 115 1
139 101 2
128 37 5
79 88 11
80 29 7
77 68 19
111 29 12
65 118 1
118 54 10
25 163 13
200 98 15
153 43 16
120 66 6
156 31 19
97 12 9
105 169 17
139 75 7
