5
580 323
440 503
521 595
386 475
239 580
300
38 48 1
18 79 20
22 42 2
71 73 1
42 76 14
84 22 4
71 56 6
30 47 3
62 44 18
73 90 2
97 73 14
65 59 14
51 74 20
91 47 3
55 90 17
19 36 3
43 32 6
87 35 18
31 35 3
79 67 6
23 40 3
93 52 5
32 73 18
12 59 16
93 12 3
99 67 12
57 26 14
31 35 8
90 96 20
55 61 13
94 28 18
63 95 8
63 57 19
22 74 16
97 25 18
77 70 2
21 73 11
39 52 16
70 65 18
25 87 8
64 11 5
88 68 14
64 35 14
52 82 4
82 97 15
32 59 18
56 91 18
43 39 10
83 48 2
11 80 5
78 69 18
79 39 18
40 61 14
37 32 7
11 64 14
78 49 15
53 32 16
42 35 2
25 14 5
11 86 1
13 29 8
78 30 9
11 43 20
67 49 10
81 67 4
91 63 15
63 95 12
27 22 18
58 18 11
11 48 10
73 74 9
23 95 14
85 26 1
25 87 11
12 31 3
83 77 6
35 45 11
27 27 18
38 74 15
64 37 3
90 69 4
90 26 4
36 18 6
24 79 6
66 13 1
33 36 4
37 55 8
33 77 6
24 100 11
43 88 19
35 90 10
29 58 18
13 46 4
77 75 16
52 43 10
34 43 13
28 35 19
42 83 8
33 98 17
24 19 12
27 36 12
39 89 7
35 76 19
76 35 20
78 80 11
17 73 13
68 80 14
83 72 19
50 40 4
97 59 4
60 57 20
99 79 12
99 83 13
83 52 17
16 74 16
60 18 14
66 12 15
60 50 6
50 32 6
41 88 19
100 65 15
62 27 15
26 44 17
68 81 15
33 24 8
28 52 6
10 44 16
94 64 3
34 96 4
24 54 9
40 48 2
56 19 9
86 27 10
48 88 9
50 85 9
53 25 10
38 88 10
88 32 1
51 52 5
19 99 19
36 73 8
28 53 19
11 15 4
78 28 19
58 72 10
68 74 19
90 22 16
49 87 3
60 76 1
30 18 9
49 88 1
90 85 20
70 62 12
48 44 20
67 83 18
42 14 5
44 26 5
49 17 2
70 34 20
71 20 9
42 83 5
48 15 10
48 96 16
76 95 18
43 41 19
29 25 10
36 76 13
48 22 16
54 18 12
35 63 1
72 31 6
61 30 16
53 41 15
67 67 10
80 53 19
54 51 8
49 52 15
85 15 15
71 68 9
56 26 12
79 36 20
13 16 5
80 50 6
82 93 12
73 58 1
32 83 8
31 52 17
52 85 19
52 37 3
25 78 13
79 32 1
29 71 17
60 100 1
68 69 16
31 74 3
32 67 4
71 76 18
13 15 9
82 42 12
37 34 3
38 35 4
51 55 5
95 56 16
33 88 15
54 27 8
100 72 9
46 69 9
46 58 18
92 91 17
55 70 10
89 18 14
25 21 15
39 66 1
31 74 1
14 56 10
97 98 4
76 25 19
30 75 16
74 83 5
59 100 11
66 10 19
50 39 5
67 95 2
42 76 1
18 33 2
28 57 6
12 73 14
95 67 16
48 10 6
88 18 19
82 43 17
86 10 10
81 91 4
68 55 8
76 20 4
55 69 7
82 44 3
99 65 14
56 71 17
40 82 10
100 70 11
26 22 9
36 15 7
86 44 9
38 99 2
45 67 4
10 87 14
68 66 1
43 87 14
50 58 4
89 46 14
46 84 10
32 31 3
65 34 9
59 83 18
98 21 4
39 86 5
31 12 9
98 61 12
40 98 17
15 42 5
17 41 15
76 84 13
95 51 9
11 97 10
97 63 15
81 61 3
29 78 10
88 23 16
94 85 10
19 40 17
83 38 3
62 18 7
73 89 2
10 53 15
17 40 17
57 71 9
93 100 3
20 77 7
28 61 18
25 42 6
69 30 7
22 73 3
40 51 10
22 22 3
71 34 20
18 93 10
53 77 15
12 19 20
49 47 8
92 100 1
83 37 3
84 67 20
44 36 8
18 61 20
16 93 16
77 57 17
44 51 10
37 87 10
66 97 13
