5
320 220
488 306
587 334
474 533
560 315
200
86 90 10
186 150 10
28 100 1
148 101 13
120 99 20
140 135 16
34 30 13
115 36 4
98 132 18
146 145 1
177 18 19
194 38 8
112 50 19
78 147 7
136 125 10
144 18 8
184 113 11
49 90 8
120 61 10
28 85 10
195 20 15
14 85 10
125 89 14
19 89 20
128 58 7
59 81 6
166 57 17
119 147 13
186 116 10
97 11 9
188 128 9
87 70 4
71 123 7
84 87 3
181 103 9
73 39 14
64 92 3
107 64 14
21 61 16
57 143 14
152 71 12
132 75 16
15 39 8
167 60 9
108 13 19
26 53 12
178 33 12
56 122 13
17 46 6
192 61 10
84 78 20
29 106 11
136 138 2
153 16 1
195 59 10
190 26 1
187 144 3
174 142 5
98 21 3
62 122 18
97 34 18
72 102 18
151 102 1
142 100 13
76 94 5
116 13 12
76 78 15
44 120 12
99 42 14
75 102 4
186 31 15
79 107 3
173 145 6
173 75 12
35 53 1
67 85 18
181 48 5
173 61 2
115 109 1
47 60 12
45 33 4
191 80 16
111 32 8
119 73 10
164 21 10
168 21 3
134 131 17
178 103 13
15 76 9
150 17 17
120 127 19
164 82 16
10 71 19
161 149 18
122 119 5
147 65 6
72 52 2
169 63 18
152 45 18
107 38 10
196 12 4
26 57 17
59 108 12
20 136 2
174 14 10
70 121 17
31 42 18
93 104 19
56 100 16
69 126 14
85 33 16
18 23 8
72 82 5
135 111 19
46 104 11
34 13 19
12 121 18
90 13 16
58 122 14
146 82 9
124 51 20
42 113 19
48 88 5
165 37 10
76 82 3
93 143 12
57 69 16
53 107 13
149 118 14
124 139 19
167 133 20
129 132 18
187 99 9
195 32 15
78 146 19
101 122 4
179 71 3
167 77 14
135 150 10
35 117 5
11 84 15
146 31 20
97 37 12
59 60 18
177 50 10
108 24 1
87 91 17
48 86 6
165 74 12
180 39 20
136 86 15
128 127 20
49 64 19
49 81 20
116 18 8
155 42 7
37 59 2
85 19 20
36 71 13
16 29 13
190 58 1
188 19 8
72 125 3
181 142 1
74 47 4
76 17 8
51 71 15
105 68 17
198 87 14
101 139 9
121 90 3
92 120 9
196 63 5
92 18 15
36 85 3
18 84 14
118 39 19
29 31 13
13 102 20
195 15 13
148 104 8
152 89 20
95 78 12
86 139 5
53 111 2
86 149 2
155 148 9
87 109 4
197 131 16
119 75 13
130 93 2
81 21 16
172 149 1
49 112 6
146 103 9
111 55 12
142 146 20
163 145 15
43 74 19
91 52 12
